0 -20 45.4449 -20 44.4945 
1 42.1726 48.8894 -20 47.8894 
2 45.4449 50.4625 -20 51.4625 
3 48.8893 53.1709 -20 54.171 
4 50.4625 50.5125 -20 57.0221 
5 53.171 50.1598 -20 -10 
6 50.4908 52.8034 -20 -10 
7 50.1632 -20 -20 55.5825 
8 -20 47.8894 42.1562 45.1782 
9 44.4666 51.4625 45.4447 48.61 
10 47.8894 54.171 48.8894 52.221 
11 51.4625 57.0221 50.4625 56.0221 
12 54.171 -10 53.171 60.0233 
13 -20 -20 -20 -20 
14 -20 -20 -20 -20 
15 -10 -20 52.8034 59.5606 
16 -20 48.61 43.8804 -10 
17 45.1786 52.221 47.8811 52.221 
18 48.6093 56.0221 51.4364 56.0221 
19 52.2206 60.0233 54.165 60.023 
20 56.0221 -10 57.016 63.1824 
21 -20 -20 -20 -20 
22 -10 59.5488 -10 68.1557 
23 63.748 -20 55.5801 61.9288 
24 -20 -20 -20 -20 
25 -10 56.0221 48.61 55.0721 
26 52.221 60.0233 52.221 59.0233 
27 56.0221 63.1824 56.0221 63.1824 
28 60.0233 66.5078 60.0233 66.5078 
29 63.1824 68.1557 -10 70.0082 
30 66.5078 63.748 63.748 72.7955 
31 68.1557 -20 59.56 -10 
32 -20 55.0721 -10 55.4532 
33 51.6805 59.0233 52.0361 58.3717 
34 55.0719 63.1824 56.0219 62.1824 
35 59.0233 66.5078 60.0233 66.5078 
36 63.1824 70.0082 63.1824 70.0082 
37 66.5078 72.7955 66.5077 74.7455 
38 70.0082 -10 68.1304 77.6795 
39 -20 -20 -20 -20 
40 -20 58.3718 51.6805 58.3718 
41 55.4509 62.1824 55.0721 62.4966 
42 58.3718 66.5078 59.0233 65.5078 
43 62.1824 70.0082 63.1824 70.0082 
44 66.5078 74.7455 66.5078 74.7455 
45 70.0082 77.6795 70.0082 78.6795 
46 74.7455 82.8205 72.7955 82.8205 
47 77.6795 -20 -10 87.1795 
48 -20 62.4966 55.4077 61.4966 
49 58.3718 65.5078 58.3718 65.7859 
50 62.4966 70.0082 62.1772 69.2484 
51 65.5078 74.7455 66.5078 72.893 
52 70.0082 78.6795 70.0082 76.7295 
53 74.7455 82.8205 74.7455 81.8205 
54 78.6795 87.1795 77.6795 87.1795 
55 82.8205 -20 82.8205 92.8205 
56 -20 65.7859 58.3718 -20 
57 61.4966 69.2484 62.4966 -20 
58 65.7859 72.893 65.5078 -20 
59 69.2484 76.7295 70.0082 -20 
60 72.893 81.8205 74.7455 -20 
61 76.7295 87.1795 78.6795 -20 
62 81.8205 92.8205 82.8205 -20 
63 87.1795 -20 87.1795 -20 
